11
41
42
74
130
168
173
258
278
325
424
432
478
555
815
822
913
980
2338
2397
2398
2591
2993
3076
5405
5782
6249
7707
8166
8217
8672
8989
9209
9217
12903
12962
13291
13642
14254
14356
14996
15158
15512
17133
18602
18836
19526
21348
21385
21790
22304
24439
24480
24773
25669
27364
27588
27645
27690
29387
30380
30450
31730
31784
33458
34635
37380
38855
40688
40834
43015
48726
53383
63539
70919
84876
89952
92332
106645
123905
131188
139443
144553
148228
152959
163412
167791
171499
173880
176494
183251
198525
199792
200680
202670
204583
209685
224037
230802
232043
234190
266192
275467
287954
295947
329954
332613
342942
346965
358690
364769
366994
367220